1 4 3379 3242 3359 11293
1 7 3379 3329 276 385 14493 11257 13944
1 2 11293 285
1 3 11293 13939 3342
1 4 3342 369 13944 11371
1 3 3342 3396 9303
1 5 3342 13938 9310 9284 7394
1 2 9284 6289
2 2 9392 11378
2 2 9392 3273
2 3 351 11299 11378
2 2 3273 6320
1 2 9392 6320
2 3 6320 11218 11332
2 2 3273 6395
2 3 6395 9237 6350
2 4 6395 3373 11161 3178
2 3 9392 9383 6300
2 4 6300 6385 11306 9075
2 3 6300 3150 11136
2 4 11136 11207 9161 9075
2 4 9075 6104 3159 11064
3 9 351 11270 9332 9269 11382 11279 9268 11221 11333
3 5 11333 9239 6221 11471 3369
3 3 11279 6237 9315
3 3 9315 9379 9332
3 3 9315 6318 6384
3 5 3369 6378 9297 11345 9315
3 5 6318 6268 6335 9285 11332
2 3 11333 13070 3501
2 4 11333 11374 221 271
2 6 3369 9484 13261 3463 540 6526
2 6 3463 3422 6489 9458 11446 3501
2 3 11333 507 9458
2 2 9269 11297
2 5 3369 3241 377 407 11361
2 4 6363 9364 3205 6318
2 5 3274 311 6301 3301 9297
2 3 407 253 6301
2 2 271 322
1 6 11805 970 980 13253 6880 3790
1 4 11805 3861 799 9787
1 3 9787 6924 9817
1 3 11805 924 6986
1 2 6986 6902
1 3 6986 9877 6866
1 6 9787 938 794 6867 3794 3938
1 4 9817 14157 724 877
1 5 9817 11673 6734 9689 758
1 4 3938 14062 896 6866
1 2 6902 6866
1 4 9815 11749 11851 6902
1 2 9815 7183
2 4 7183 14156 14155 1048
1 3 279 7153 9979
2 3 875 1178 7183
2 4 875 6744 10009 9979
1 3 1176 11956 12038
1 3 10009 7068 1176
2 7 3938 14062 858 6800 6896 3871 875
1 5 6896 950 10111 1192 11956
1 7 3938 13925 9852 942 888 3799 6906
1 4 888 3835 11884 1093
1 2 6906 11884
1 4 1093 14164 14159 10024
1 2 1093 4098
1 5 11825 9827 3820 9767 3938
1 8 758 14153 11692 729 11843 3727 3920 11825
1 3 11843 3729 11707
1 6 11825 6936 9700 13927 9703 11688
1 5 6936 885 11854 3735 740
1 7 3938 13925 6993 9785 9933 813 3816
3 10 6906 6817 3873 6966 6812 9764 854 9824 9853 6960
1 4 3816 7213 9812 6817
1 6 3816 6878 13929 6903 3902 3735
1 4 6902 3930 6948 6800
1 4 3816 6901 9842 11838
1 3 3735 6756 743
1 5 854 11779 6915 943 6766
1 3 6966 6836 872
1 3 9300 11160 11215
1 3 11311 9329 3286
1 3 383 295 69
1 2 69 11114
1 4 69 11151 3171 6115
1 3 11114 9054 6164
1 3 11114 3141 6084
1 5 6084 11197 9193 9117 11091
1 2 205 46
1 4 46 3162 9066 6038
1 2 6165 11155
1 4 11155 101 9083 192
1 7 11091 49 9051 11209 9035 3108 46
1 8 46 11129 11120 145 11 6024 3104 11155
1 2 9185 6084
2 3 9279 6345 9300
2 4 6345 6412 3307 383
2 3 383 6331 3286
2 4 3286 3375 3063 6164
2 4 6164 9209 9109 11082
2 4 9185 35 11163 6050
2 3 6050 161 11082
2 4 6050 9149 3182 11091
2 3 11082 11188 9185
2 3 6397 9308 9109
2 3 11380 9393 6397
2 2 6397 11311
2 4 11311 242 9410 9300
2 2 9300 6345
2 3 11091 11147 9151
2 2 9151 205
2 7 205 9088 3113 6132 9143 9108 6165
2 2 6165 6125
1 9 6115 14 9174 6151 11176 9296 11367 6176 53
1 6 6115 9103 144 6080 6145 122
1 6 6115 11078 6160 3021 11028 9135
1 3 9135 102 9127
1 4 9135 11206 6118 3022
1 2 3022 6038
1 7 6038 9132 6041 6187 6071 6214 9126
1 6 3277 14541 6364 14538 6235 394
1 2 14538 14539
2 4 6287 6393 3260 3325
1 3 3325 14542 3277
1 4 3277 11251 317 6389
1 3 6389 6257 9347
1 3 6389 6257 9347
2 2 9347 6325
2 2 6325 3271
2 2 3271 3326
2 2 3271 6377
2 4 3326 309 11388 6535
1 2 6535 495
1 2 495 6469
1 4 6469 3512 9363 6241
1 3 6241 6286 6336
2 3 6469 587 3547
1 6 587 9522 3488 6537 11519 3516
3 5 587 6570 529 9486 6488
2 3 6488 3574 6568
1 5 6568 3558 11547 11531 11502
1 2 6568 3530
1 2 3530 6712
3 5 6712 9503 521 3629 11502
1 2 6712 11640
1 5 663 3679 6934 3690 9666
2 2 3530 9517
1 3 589 708 9666
1 3 9666 6693 692
1 4 589 342 11529 9557
2 3 9557 6594 6488
1 3 9557 9572 11544
2 4 6488 3397 11445 564
1 3 564 11431 495
2 5 6377 3395 405 9509 6535
3 6 6377 526 9375 3522 9456 3499
1 3 3499 14393 6521
2 6 6521 375 11219 9294 9320 9347
3 4 11506 11518 11549 13011
2 6 9523 3549 9578 6599 11535 6449
3 2 11506 9523
3 6 3659 629 11582 595 11565 9737
1 4 9737 6777 6762 743
1 5 6766 3749 929 9717 9737
3 13 11506 11491 3506 3669 648 11794 6613 6786 11716 9728 11877 11849 11834
1 10 6613 11593 3770 769 590 6773 6618 9751 6792 595
1 8 6766 11702 11718 6618 6648 3626 651 3671
1 5 651 3655 6644 11576 590
1 5 6644 9609 667 9644 3506
3 5 13011 3546 3560 9559 11502
1 2 9559 6583
3 13 11506 9561 454 6504 11483 3576 516 6598 3262 9498 3211 391 3314
3 3 11483 575 11548
1 6 648 3652 9658 11488 11516 11502
1 6 3652 9642 6698 698 678 11640
1 4 6613 3589 6784 11573
1 4 6784 3768 3762 3764
1 3 11834 911 9909
2 5 692 3705 3299 571 11544
2 5 11544 9416 3474 482 6524
1 4 6524 3500 9524 564
2 6 6524 6501 3312 11545 6441 3499
1 7 3312 11481 514 573 469 6440 11542
1 5 6521 11444 3258 293 321
1 6 571 586 424 6418 9421 11542
1 4 692 9652 707 688
1 14 688 3675 668 6673 3657 628 316 11584 3604 9598 603 3776 773 3780
1 2 4159 4014
1 4 11773 11824 9772 6891
1 4 11837 9784 883 955
1 11 883 6939 3966 6831 9838 925 967 9924 782 6793 6606
3 8 9904 9794 3885 9879 9907 6985 304 6606
1 3 6793 313 11584
3 4 3780 776 3782 6780
1 5 3782 6635 3612 11590 6666
1 6 3780 9584 9600 658 11601 663
1 12 628 6626 599 9627 3631 11612 3673 6687 9679 334 6690 11666
1 2 9648 334
1 5 9665 6708 9681 9515 3299
1 2 688 6708
1 2 3673 668
1 6 3924 3974 6611 591 11564 599
1 4 11581 3654 6650 9627
1 7 11581 11594 9595 6647 9591 378 11899
1 9 6647 11577 11580 11586 9599 3956 937 3939 6913
1 2 6913 9809
1 6 11580 3617 9621 6700 11625 9660
1 7 11581 9611 14064 3670 682 546 9660
1 6 9660 11663 9676 6720 3700 11666
1 16 11666 3718 9692 9539 3484 9551 581 561 6573 3565 11520 3713 6716 684 548 9660
1 7 3718 557 3569 6562 3414 9457 11467
1 5 6562 3553 583 9429 11542
1 7 11666 9527 6552 11525 572 574 11542
1 8 6521 11505 9428 9496 3473 444 3532 6558
1 5 6282 537 6236 9252 6558
1 7 6558 9470 3510 9570 6512 9511 11467
1 5 514 9535 6595 552 9570
1 6 6558 674 11232 3324 389 362
1 3 362 14486 14485
1 8 362 14487 3380 3351 9346 6321 6259 3544
1 7 6558 17 11515 493 11492 9400 3544
1 3 9427 6464 11467
1 8 9427 624 442 6499 6522 585 9468 11479
1 6 3544 12562 3521 3559 9521 9452
1 6 6332 395 3384 6407 11312 6296
1 8 3544 524 11385 11274 400 3254 6281 11312
1 4 6296 327 3320 9295
1 6 9295 11342 11358 310 341 3298
1 7 6296 9438 6376 9483 6342 6222 9340
1 4 6376 9499 3288 13258
1 8 9340 9240 3388 6408 9079 11426 14526 3152
1 5 11426 4640 104 11186 6174
1 5 9340 14532 10323 13931 341
1 8 3663 9651 11652 9701 6747 3741 744 6584
1 5 9701 723 9716 565 11686
1 4 657 6677 11603 9617
1 7 9617 6658 9612 9610 3796 793 949
1 3 9612 499 9783
1 5 9902 6814 6982 3937 949
1 9 6814 11842 3893 11905 11774 9930 472 3526 11818
1 5 3526 3833 3882 9874 9890
1 3 9833 6895 3893
1 7 11586 414 6998 9602 11887 11868 949
1 11 9617 3636 818 11588 6652 11657 14348 3649 614 3614 11586
1 13 9617 3663 501 690 11639 522 3694 6711 696 3696 11659 730 6716
1 7 614 9606 646 6682 9656 11646 6716
1 4 3649 11592 662 6682
1 2 6583 3488
1 6 6568 11560 3423 11494 3547 587
1 2 241 11360
1 7 3326 14632 11360 14631 11318 9335 6336
1 3 6535 11346 9363
3 4 564 6513 11402 526
1 5 11506 9534 6569 11563 9434
1 2 9638 11640
1 4 3679 694 11486 9517
1 4 6788 771 9741 6780
1 3 771 11726 3780
1 2 673 9652
1 15 9598 11598 9630 11618 673 9636 6680 11623 663 319 9638 9620 9622 6666 11573
1 3 6570 3398 495
1 3 9551 9567 3414
1 8 9400 9508 660 9546 11558 6462 3283 9570
3 3 9523 6547 3509
1 7 3509 3523 527 11508 9525 6572 3552
2 4 3509 3495 503 11465
1 4 11465 9510 6536 542
3 7 9523 9725 512 6533 9492 3671 3659
1 4 3659 11613 11616 11465
1 5 943 6917 6960 9898 11877
1 9 819 955 851 10027 12098 9990 4159 1156 10074
3 5 819 9826 923 11846 9904
1 14 9904 11751 6862 6875 11833 6946 6973 14407 14604 6788 14408 3772 11891 9909
3 4 6606 9752 9582 3780
1 3 3764 9738 6780
2 4 9665 11651 704 11666
2 6 9427 3586 584 6416 467 3544
2 11 11818 10163 3844 3973 863 3864 976 1109 4109 7096 7211
1 3 9517 11499 589
1 2 6241 391
1 2 3516 516
1 2 9914 3884
1 3 9914 9780 9809
2 4 11105 9129 9194 3083
2 5 11105 6144 9167 3137 6047
2 6 6144 67 9073 9183 6082 9206
2 5 3083 9094 11172 11066 3137
2 4 6047 6138 9038 3122
2 3 6047 9160 9056
2 3 9056 9163 11043
2 5 9183 165 11043 136 11141
2 3 11141 9104 3125
2 4 6082 52 3030 9061
2 5 11043 37 6033 6156 9061
2 7 9038 63 3172 66 195 6212 158
2 3 3125 9106 6212
2 3 158 11164 11125
2 2 11125 124
2 2 11125 11115
1 7 3125 6146 11024 6134 6175 11045 9195
1 2 3030 3133
1 2 124 6087
1 3 11686 6743 13202
1 4 1599 6671 3658 772
1 3 772 11599 11617
1 4 11617 11647 9663 3698
1 2 772 3653
1 4 1599 9702 10403 10472
1 4 1599 1254 12380 12441
1 3 12441 3564 12320
1 2 12320 1210
1 3 6997 4755 1896
1 3 1599 12309 1539
1 7 1539 11674 13919 4477 4614 1536 7661
1 4 7661 7495 4458 7624
1 4 7661 1536 12434 4473
1 2 10472 12441
1 5 9833 11829 11811 3786 3951
1 6 3951 6808 3907 9901 6925 11747
1 6 3951 3983 6945 11796 6992 4112
1 3 9901 11792 940
1 4 3983 9878 11860 940
1 7 9878 11907 10041 9929 10038 7130 4112
1 4 11747 9844 6920 11866
1 5 11747 804 3862 3807 6977
1 4 940 9755 9763 9830
1 3 6977 961 9830
1 3 9830 11810 10056
1 2 11810 11746
1 3 6977 9777 6950
1 4 6950 3935 9915 11881
1 7 6950 6919 9868 11853 1005 6991 10472
1 6 11746 3889 806 6813 3890 6965
1 3 6965 3950 6919
1 2 6813 9893
1 2 3889 12029
1 5 6965 876 11759 4512 12387
1 4 9893 9823 11871 12416
1 9 876 10399 878 11880 12318 864 4618 1636 4755
1 2 12416 1549
1 3 3889 6370 12473
1 3 9893 6374 12473
1 4 4111 11116 11118 6302
1 5 6302 14598 1056 6353 12473
1 5 12473 11127 7140 6322 1088
1 5 6302 1455 14058 10087 1088
1 2 11118 6297
1 3 4111 11095 1074
1 3 1074 7001 7151
1 6 12473 7671 1606 3127 1634 6312
1 5 1634 10882 3129 1578 1549
1 3 1549 10804 10106
1 4 10106 11369 1600 3219
1 5 3219 11292 11295 6826 3916
1 5 3219 11289 3272 11201 12413
1 4 11266 12046 11275 11201
1 3 12046 3795 3219
1 8 11266 3269 11187 11252 2004 12726 2089 9045
1 3 10087 1108 792
1 4 11370 9236 3759 9304
1 4 9304 6306 3256 3392
1 4 3392 11466 6484 3559
1 5 11370 277 11391 13256 3320
1 9 11370 3267 294 11322 3331 14533 11220 11353 306
1 8 11370 216 386 331 14537 6373 6344 9288
1 2 9288 3568
1 8 6306 6280 3556 11285 215 3203 6319 9288
1 5 6373 14537 9289 14479 3331
1 4 11220 11241 9323 6249
1 5 277 406 833 6371 6249
1 5 9304 9359 6413 3366 3393
1 3 3393 347 11274
1 3 215 6556 11477
1 3 9452 11441 3412
1 3 3412 6546 3392
1 6 11479 9468 6483 6431 11536 11691
1 2 11691 3565
1 2 13202 741
1 2 9548 6584
1 5 9548 11550 491 14534 11479
1 5 11479 536 9558 513 3412
1 3 513 14529 6435
1 3 9533 6593 11477
1 4 6435 11543 3511 9533
1 5 476 6429 462 438 491
1 5 9548 577 3407 6455 476
1 3 476 11464 9533
1 4 525 841 11490 11464
1 3 841 441 11477
1 6 11670 741 754 9576 9435 476
1 8 11670 9698 9714 14438 6597 14437 11546 11683
1 6 6597 434 11424 9465 3494 525
1 8 11683 3755 737 568 3722 9718 9677 9680
1 6 3722 14329 705 6704 3686 3468
1 4 568 9712 14435 11700
1 6 11683 9573 11561 9419 11422 11405
1 3 11700 3767 11405
1 5 11405 3399 14440 6776 6474
1 2 6776 6420
1 4 14531 6493 6445 9417
1 6 6474 14531 6505 9461 14536 11450
1 2 418 9449
1 6 6505 3479 502 6530 3531 418
1 7 11405 453 11452 3508 6578 11397 418
1 7 11422 6423 6451 3452 488 11454 3494
1 3 11397 6578 511
1 7 525 11557 582 14447 3584 559 511
1 4 582 6458 6508 9477
1 3 6458 6532 3568
1 6 9477 9566 3225 14448 3306 3335
1 5 9477 6565 9542 11526 3580
1 2 11976 4115
1 4 792 13278 11919 1065
1 4 12839 1065 1201 4206
1 2 4206 1086
1 2 11970 4161
1 3 4206 4088 11970
1 3 4088 13207 4161
1 2 7107 1201
1 2 12049 1155
1 4 3378 5024 10791 12702
1 5 3378 3403 10923 4968 11189
1 4 4968 12749 10850 1955
1 5 11189 2057 10901 8101 10815
1 3 7011 14515 4073
1 4 7011 14513 14514 12049
1 4 7011 14510 10073 4076
1 6 4073 12049 10005 11964 7091 4076
1 8 4076 4145 1071 11910 10061 11967 9989 7079
1 3 7117 4055 7011
1 8 4055 1068 10031 7144 11974 12044 7073 12071
1 3 12071 11999 6217
1 2 12071 12889
1 2 7073 10097
1 6 7180 10091 7162 11921 10026 7005
1 2 10026 11935
1 5 11935 4061 1046 1115 7180
1 4 7180 11969 9994 4163
1 8 4970 12888 6381 10059 13077 7033 4131 1145
1 2 4131 4046
1 4 6381 12034 1141 4061
1 4 12034 11953 12051 10078
1 3 11953 1160 4163
1 5 7132 11923 12760 9964 1145
1 3 989 4116 7132
1 6 10731 12842 13074 7008 4150 7132
1 4 10070 1194 10113 9945
1 6 10070 7100 11987 7173 1111 989
1 3 6436 4154 1111
1 2 10070 7069
1 4 4108 6415 4139 7069
1 4 6718 7992 10814 8035
1 2 4948 12710
1 6 4948 7972 6771 13303 6761 7857
1 3 1909 10725 6990
1 3 2038 2094 7377
1 2 7959 13240
1 2 7959 13239
1 5 9231 12751 10829 2012 7857
1 4 10803 9357 9386 9405
1 5 9405 9423 9474 9811 7983
1 6 7983 8071 9888 10836 9916 10406
1 2 9493 12742
1 2 12742 9562
1 2 9562 9493
1 2 1951 9687
1 3 10919 9709 12874
1 3 2025 13269 11263
1 6 13269 11238 12817 12731 13312 2050
1 4 11263 11267 4972 13273
1 2 10820 13269
1 4 10820 13320 8109 4997
1 6 8034 11070 11135 1992 13319 10820
1 4 11329 13770 13767 6039
1 5 11329 13789 13774 13785 13783
1 5 12881 10900 2046 12796 8105
1 3 2046 2003 12725
1 3 12881 12768 1914
1 5 1914 11063 12862 2088 2003
1 9 1914 12806 11951 11061 4133 11054 10827 8052 1960
1 2 4133 2016
1 5 11917 12626 13250 11052 10827
1 4 97 13798 81 13793
1 6 5010 13833 12714 7980 13850 8124
1 6 3246 13765 3268 13762 3290 5139
1 5 8193 13741 13742 3318 12975
1 3 3318 13740 3327
1 4 3674 13395 13396 5117
1 7 10883 13590 13589 13586 13585 13583 13579
1 2 1950 13547
1 4 3554 13503 13501 3518
1 6 6248 13539 13522 10858 13523 3518
1 5 13483 3461 13488 1968 4515
1 7 13483 1516 3514 13498 13499 13500 3518
1 11 1516 13481 13478 3490 13462 13445 3597 13450 13453 7716 13451
1 4 12989 6575 6566 13734
1 3 12989 13727 12929
1 5 12929 13726 6586 6678 13724
1 3 1939 13714 9097
1 3 9097 13700 9082
1 3 9082 13697 12929
1 5 1939 6020 6739 13688 5210
1 5 12911 13667 8205 13679 2196
1 5 13679 8183 13675 9365 2206
1 2 9365 13688
1 5 10988 13659 13668 12967 8205
1 4 12911 9352 9339 13654
1 4 13654 13650 13649 10932
1 3 13654 13652 8144
1 4 10988 13661 10930 11048
1 5 13348 8248 13351 13342 12981
1 7 4515 13474 13472 13470 13469 13468 13385
1 9 12958 13358 13360 13357 9459 9455 9514 13384 13385
1 5 12985 9426 8138 2126 13377
1 3 7872 9545 5199
1 4 4515 13486 6392 12677
1 3 5199 12504 12677
1 4 12504 9592 9707 11048
1 3 12986 12908 11154
1 2 11154 11387
1 4 11435 11421 11430 12908
1 2 11430 11439
1 3 2120 5155 11387
1 3 2120 12935 11273
1 2 8245 7900
1 2 8245 2171
1 5 8245 13245 11356 5177 11205
1 4 7872 11235 11233 4851
1 3 4851 11213 10525
1 6 4851 11214 11224 11269 11283 10929
1 3 10929 11281 11273
1 2 11224 11205
1 4 10525 432 530 336
1 2 4879 10978
1 3 11554 10957 4879
1 5 1382 5203 2229 2207 4879
1 2 11485 2229
1 7 12589 1247 1304 10415 10442 1325 1382
1 8 12589 1239 12692 12547 1217 4696 1223 1833
1 4 1312 10697 1263 1239
1 2 1312 1325
1 2 1312 1339
1 4 1325 1371 1418 1339
1 4 1223 4822 1309 1312
1 2 1833 7576
1 3 12648 1335 1339
1 4 4822 1306 5231 12648
1 2 4556 12648
1 6 336 8214 11736 1478 2213 1339
1 3 10400 1429 1478
1 2 10400 1668
1 4 12648 1391 12064 10400
1 4 1329 1360 1397 10400
1 4 1329 1363 8178 7900
1 4 1668 1537 1611 2171
1 6 1668 1807 5106 1688 1842 11205
1 4 1363 1494 1431 1537
1 2 1468 1329
1 2 10993 566
1 4 681 11015 874 615
1 7 1896 12861 2071 4553 4488 7969 10837
1 7 10837 14378 14615 10385 4499 14614 7602
1 6 14378 8093 11671 4356 4599 5029
1 2 10837 10922
1 6 9059 9060 2065 9074 1982 10922
1 2 9060 7953
1 5 5067 9065 4983 1963 10828
1 5 7982 14267 10913 3870 10828
1 6 10828 10759 3982 10890 1888 5029
1 3 12809 11249 10828
1 3 10922 5067 8074
1 6 12333 3662 10359 14368 14292 7477
1 3 12333 7491 10414
1 4 5029 2000 4958 10414
1 5 10414 4482 7924 12161 1623
1 3 10414 7560 3551
1 5 12324 12465 9605 1649 7924
1 4 7924 1632 756 12239
1 2 1632 7639
1 3 12324 14293 1479
1 4 10671 7775 1573 1623
1 2 12465 14293
1 5 1623 1554 1532 1576 12465
1 3 12239 12722 10671
1 2 7639 10671
1 3 12722 10205 1384
1 5 10671 4629 3007 11687 1459
1 3 1459 10601 10148
1 8 11687 10187 14205 10660 2058 13216 1483 4316
1 5 10660 14135 10530 14136 1483
1 2 12370 1483
1 2 12218 7224
1 8 14202 14142 4224 12583 10603 12640 4686 10148
1 9 10359 7563 4563 14370 1517 14372 14371 14374 10262
1 5 14293 10395 7541 10262 642
1 3 642 9453 3618
1 5 3618 464 3622 757 9753
1 5 9453 7322 4254 7370 7341
1 2 7341 10224
1 12 7341 4294 4322 1290 11510 11537 9487 6574 6601 9432 11523 3578
1 4 642 13008 12108 1220
1 3 1220 12294 7370
1 6 7341 7313 12198 10140 10168 10284
1 3 10284 10213 9292
1 5 10224 7281 4411 7401 10213
1 9 10148 12397 661 12329 7600 4300 4374 4303 1220
1 7 4374 7337 10277 10220 1243 4250 7407
1 3 10308 4333 7407
1 6 10308 10211 4238 1276 12257 10168
1 4 1243 10268 12266 1276
1 4 10603 4773 10146 13210
1 5 4773 12385 4595 1402 4250
1 5 13210 10547 10619 10550 7784
1 4 7784 4764 7332 1402
1 5 13210 1840 4845 12601 7866
1 3 10550 12529 7866
1 4 10211 7298 12619 7741
1 4 10284 7357 4850 7741
1 4 7874 1294 1775 1292
1 4 7741 7874 14043 10696
1 5 10308 1375 1879 4685 7708
1 4 7784 12635 4867 12594
1 5 1864 12594 4661 14294 7708
1 2 14588 6492
1 4 6515 6450 4979 6197
1 2 6197 12822
1 5 8007 4136 9084 6107 6197
1 5 5105 7847 10813 10735 1971
1 4 5075 8013 8098 5105
1 6 8007 4080 1107 6097 4998 6492
1 5 9084 8106 10173 6379 4998
1 9 8007 10843 10898 3918 1971 7084 4110 3886 3866
1 3 12822 89 10729
1 3 2086 2032 10729
1 3 12822 100 12754
1 5 12137 12362 10807 4915 2086
1 3 12137 5055 12786
1 3 12137 12980 4299
1 3 4299 9973 12786
1 6 4299 8114 9951 5002 11955 2032
1 5 12786 10751 4516 11265 7537
1 5 4245 10077 4644 7593 7537
1 8 4245 4204 1444 9813 12452 1637 4571 4516
1 11 7537 7565 12338 10389 10349 12242 13252 12366 1525 329 12322
1 5 1075 9840 14521 1553 12366
1 9 12338 1656 10878 4459 1541 7334 7064 1983 4299
1 3 4915 10794 9951
1 6 4110 1980 11852 4984 12094 12081
1 4 4915 7905 4971 12081
1 6 9975 12092 12829 9977 11321 4971
1 4 9975 7207 10118 12037
1 4 9975 1144 1061 1190
1 8 4984 6218 12876 12844 7998 40 12868 2086
1 5 12876 12041 10772 84 12822
1 6 9975 11952 7150 4187 7013 1349
1 12 1349 12269 7232 4395 1273 12208 7395 7244 10190 7391 7447 1238
1 4 1238 1321 7402 4327
1 7 4327 7265 4416 1381 12164 10149 10278
1 9 10278 12180 10152 1430 4321 7340 1228 4237 10255
1 10 10255 10001 11978 12462 10116 10088 12063 4104 4062 4245
1 2 4245 1159
1 4 11952 8076 12080 2105
1 4 2105 11995 4953 10801
1 5 10801 4410 7938 11338 5055
1 8 12420 10401 12375 9229 10428 1538 1059 4104
1 2 1059 1444
1 5 12420 9325 12854 9577 10801
1 5 4971 2092 10816 1949 11995
1 5 2092 13299 7080 2036 10807
1 10 12420 4557 9069 4883 10030 9039 7430 7060 4072 4187
1 6 8087 4472 11950 10511 7619 4883
1 3 7340 1275 8087
1 6 8087 10324 12142 4353 10270 1349
1 5 7060 7177 7205 10872 2105
1 4 12142 12226 8232 9039
1 5 10401 7574 9946 7090 11978
1 10 1273 4291 12105 10799 10756 12779 7310 1344 7436 10278
1 5 10756 7634 10259 5104 8087
1 3 1344 12734 8011
1 4 8011 12146 4344 7244
1 2 4315 12146
1 2 4315 4344
1 6 7447 12275 7363 8067 1268 7436
1 4 7265 1409 12247 7363
1 8 1444 12035 12307 10471 12480 9770 9765 9577
1 2 6927 7260
1 4 6927 10287 6941 10201
1 2 10287 10229
1 2 10878 14508
1 2 13966 13961
1 6 13950 14395 4856 10632 14433 12669
1 3 14433 12539 12880
1 6 11929 112 113 4616 7662 7565
1 3 2843 7124 4616
1 3 2843 12050 4245
1 4 113 10443 119 12338
1 4 11929 9993 114 14521
1 4 11929 11968 12010 7179
1 7 4801 13959 13957 13956 7717 4766 7816
1 13 4801 13962 13965 13966 7749 14330 13952 13950 4655 12448 4612 13940 12403
1 3 13945 4792 4677
1 3 1743 12557 13945
1 6 7816 14230 1696 4705 7751 12641
1 4 12641 14234 4677 4719
1 5 7816 10528 4837 1762 4797
1 3 13993 12605 13956
1 5 1650 7034 4202 12404 1492
1 6 1330 12127 1417 10283 10344 1650
1 4 12127 4336 1403 12125
1 3 12125 7295 1315
1 7 1492 139 7469 12464 1082 8063 1934
1 3 1492 135 1170
1 7 1330 10267 12197 12284 125 1333 1650
1 5 4202 12449 4585 1607 7603
1 3 4202 4541 7163
1 4 7408 1427 7587 4348
1 12 7236 4371 1337 1394 12201 1281 1308 4388 12220 12122 4392 1427
1 4 7236 12131 1279 6029
1 4 7236 12144 1291 7342
1 9 7408 10250 10221 12173 10411 7572 7353 7492 1488
1 6 1548 12402 10425 12388 12195 10250
1 4 12388 12373 1357 10384
1 5 10250 12224 10293 4251 10177
1 3 7408 7225 4433
1 4 7376 7319 12191 10177
1 3 7432 10317 7376
1 12 4401 12232 10232 12204 1285 10162 4405 4334 1300 4255 10137 10309
1 10 10309 4379 1302 7280 12297 4397 10016 11936 1185 10129
1 7 10129 12048 12008 1114 284 12282 2992
1 3 4119 4075 10129
1 6 4075 7015 9948 4121 4177 7137
1 5 11914 1175 4096 9955 7186
1 6 11914 12068 1091 11959 7214 7186
1 2 7221 12040
1 8 4056 3266 12089 10115 3278 7204 3285 7221
1 6 10110 3250 3261 4126 11977 7204
1 6 3250 12085 1054 3247 12060 4056
1 5 7221 1100 10036 3303 12011
1 3 10115 4103 3303
1 4 12040 1003 10065 4052
1 2 4052 3189
1 5 4052 9790 912 11835 6981
1 5 9790 11896 14036 3912 11775
1 4 10065 3176 7070 848
1 10 848 3191 6928 3981 3852 6922 959 6822 898 6944
1 4 6944 14420 11879 14422
1 2 6944 944
1 4 11775 11828 3949 9803
1 5 10265 7323 10165 1415 12253
1 7 10265 1221 12236 10306 1372 12279 4228
1 3 10212 12171 4338
1 5 7342 1364 1376 10297 6015
1 5 6015 4412 3328 4424 12299
1 7 6029 7329 10227 1348 1392 6013 3328
1 2 7381 10279
1 8 7381 12249 1386 7223 12277 12293 10491 4608
1 6 7223 4434 7421 1425 4406 7381
1 4 7654 12472 10479 10491
1 6 4652 6111 1648 10509 6113 7658
1 2 10382 10354
1 7 4361 12165 4276 10322 12268 4381 10294
1 5 7798 4776 12932 12924 12910
1 14 12910 7567 5225 8186 10927 8165 5197 12948 2191 10969 8200 10949 2157 1652
1 5 7798 7755 1667 1861 7859
1 4 7859 12435 4864 12406
1 9 12406 10388 10427 12377 11019 2114 8249 5211 5225
1 6 12406 7520 7450 10458 10445 7564
1 7 10941 2116 5227 1570 12451 10430 7564
1 4 5206 8230 12382 7566
1 3 7538 13914 4520
1 2 10427 4500
1 5 8241 2211 2203 5195 2197
1 4 12632 4819 7839 2197
1 2 2197 8204
1 7 1814 4804 12617 7783 7887 1565 4543
1 2 7887 12664
1 4 12617 1786 10609 4748
3 10 1182 9998 7157 7087 12097 6166 10125 4142 11960 7072
2 8 4102 11949 1183 12006 11925 4164 7110 1025
2 2 1158 7110
2 4 1025 11985 10052 1092
2 4 7046 4179 4094 9965
2 6 9965 12028 6161 7197 11997 7046
2 6 1092 11946 7212 12031 6168 7072
2 6 7072 7113 1133 6163 4054 4142
2 8 11985 7050 1191 7145 1167 10055 9985 1136
1 2 11960 1136
2 11 1136 6172 7102 10032 10128 12007 1117 11930 4067 6189 1063
2 7 1182 4188 4100 7016 4118 1024 6188
2 6 1063 6193 9865 6873 6994 9859
2 6 6188 7169 1165 6870 11847 6994
1 4 9859 3962 7532 10444
1 5 10444 10512 12493 1512 4646
1 3 10444 12352 4576
2 6 7087 4069 10100 10015 11989 12007
2 5 1182 1097 11908 14037 12007
2 3 4118 6185 1117
2 3 11946 9968 7145
1 2 12031 9985
2 3 10125 4172 7102
1 4 12364 12351 7500 5163
1 6 5163 10975 4394 12942 2158 10964
1 5 5163 2172 14103 4277 2106
1 4 12942 11022 12978 8216
1 6 2172 13000 8255 4232 5143 8216
1 3 8216 11001 4351
1 5 2106 5213 10986 4337 4351
1 4 4351 4352 2224 10987
1 7 4352 10944 4378 4393 6838 7231 7317
1 5 10944 10965 12943 4332 12922
1 2 10964 3843
1 3 10964 8215 10992
1 7 12364 12379 4573 7621 1624 4643 1639
1 6 12364 10402 12394 12409 1596 1639
1 5 12364 1555 1568 4602 12409
1 5 1639 12494 12321 12982 12306
1 7 8161 10981 3459 12349 3502 3515 1639
1 2 12952 3345
1 2 3363 3394
1 6 11021 5219 7550 10375 10390 10402
1 5 10390 8208 5184 12970 8215
1 8 12364 10515 12453 10943 8187 4227 8238 11007
1 2 8187 4575
1 3 11021 3695 4415
1 4 12994 4779 4340 4351
1 6 10362 12496 1654 12481 1641 7638
1 4 12496 1613 1626 4604
1 4 12496 10502 12468 12453
1 3 5135 13195 5230
1 2 5135 13086
1 7 8222 650 8229 4415 12984 4404 5121
1 4 2152 6017 2194 5187
1 5 5230 8157 10938 12930 5179
1 3 10987 7243 5179
1 5 12994 4829 4841 6564 7243
1 6 7317 7335 7349 7324 12916 8189
1 3 12997 7795 7657
1 2 7795 8247
1 5 5166 7592 7487 7457 7429
1 4 8252 10181 5051 12798
1 5 10747 10997 11575 11538 11469
1 3 7936 10680 11469
1 3 10747 10983 7993
1 4 12703 12790 11626 11538
1 2 8113 8024
1 3 10855 12261 1981
1 11 7590 9603 12347 7546 4476 9607 10374 7451 10498 9613 7622
1 3 7622 9625 4600
1 2 10886 13085
1 2 1616 920
1 8 920 5208 3579 3751 3858 5151 12947 6609
1 5 6843 12913 6609 2168 4095
1 7 5107 2132 2178 5291 2150 12933 6843
1 3 5168 2227 10933
1 6 2227 1446 7561 10939 8179 5107
1 4 8143 10998 10967 5168
1 3 10946 3773 8143
1 3 3773 4617 8227
1 9 10946 8184 10392 5194 3598 3493 8233 10931 12938
1 3 12938 680 10999
1 5 10980 8190 12996 2153 10999
1 4 10980 12334 8148 12938
1 5 10513 5112 10432 5172 10980
1 8 5172 2185 8210 2167 669 755 8140 920
1 3 12938 7476 2167
1 3 8189 12951 12995
1 8 12951 549 2181 12937 5186 12972 10360 10513
1 8 10360 12438 7636 12977 10945 5115 726 817
1 4 10360 10947 11008 8181
1 3 8181 2109 4587
1 7 10447 7594 1542 1529 5156 4533 8181
1 3 7638 4604 4575
1 5 4604 4589 1598 7581 1542
1 2 1598 7594
1 6 2021 12867 11628 11709 4904 12715
1 4 2021 11600 11596 12753
1 5 2021 10889 12810 11737 1965
1 3 10730 11675 1965
1 4 1965 12755 4887 11793
1 12 11793 12746 12873 10895 8057 1945 4977 4908 10765 8012 2069 12833
1 3 1562 12461 9102
1 5 4977 7935 12745 8097 10740
1 14 12745 10830 14071 10916 80 8003 10853 57 1952 10172 2008 2011 11780 1965
1 3 2008 7913 8079
1 5 8079 5021 12721 12835 86
1 3 86 10769 5015
1 3 8003 7973 12835
1 3 12835 10746 12811
1 2 86 2060
1 5 7361 7644 7304 1424 4285
1 7 12149 10320 4417 7345 4345 4270 3778
1 8 4285 12289 634 4362 12291 1284 7433 12149
1 9 4345 9601 7291 12223 4419 983 3911 11902 4784
1 9 749 3763 3775 6797 9580 11567 3605 6625 4270
1 5 749 11695 722 9667 6710
1 16 3775 9583 9585 11728 3640 9467 7366 4869 1782 10718 4775 7899 1769 4875 4426 4872
1 10 4872 12688 3721 1788 12603 3769 10552 7718 1262 7820
1 6 7820 4877 4343 7853 4413 1408
1 3 12603 10611 4739
1 7 4739 9669 6726 10684 3706 4765 4877
1 3 6726 515 3010
1 7 4426 1873 11667 12597 12693 6752 1866
1 8 6752 10618 10685 4772 1836 10709 4759 12603
1 4 4860 11712 1857 1262
1 2 12582 7366
1 4 3010 7766 2407 13075
1 5 1408 1858 10273 4870 12571
1 5 12571 1411 1347 6754 3010
1 13 9832 11830 14053 3906 6732 3712 3732 7462 12459 10318 1282 4342 4285
1 5 7345 7289 10230 12202 10318
1 12 3957 6984 9758 14056 6845 11782 6882 3894 6911 9847 6909 9832
1 8 9847 9850 908 3806 11665 10381 3602 4270
1 3 908 3710 6732
1 9 749 11654 734 3733 3747 9708 1436 9693 3806
1 3 3823 873 3957
1 5 6890 882 3687 6707 11654
1 10 6845 6869 11785 9804 847 3850 880 11800 4442 6890
1 8 3957 951 11873 10343 1506 10439 12445 7045
1 5 7012 7134 7138 7083 7045
1 7 12384 638 10394 1485 7527 4491 7012
1 2 4491 7138
1 8 10407 12353 1433 1480 11975 1547 10029 7012
1 7 1843 9834 10489 866 12439 1572 12353
1 4 492 7640 12325 10407
1 4 492 860 7583 12384
1 10 1453 7552 7524 4464 7668 7480 10520 10352 10380 10407
1 2 10520 492
1 6 6890 9825 3685 689 11656 6710
1 9 1506 7646 7588 10441 971 9760 6855 659 3685
1 3 1480 7612 638
1 7 9450 6713 11641 11685 9684 6769 6710
1 6 1595 9796 831 11776 11760 6855
1 4 6713 9653 7551 1595
1 7 12501 12670 6974 6696 1881 10448 1595
1 6 12384 9996 4594 12803 10281 12501
1 6 492 7422 12735 10192 10824 12501
1 4 4565 8110 1587 12735
1 3 7524 4650 4565
1 7 12489 12458 1503 4522 1559 10410 4565
1 4 4522 7555 7599 1453
1 12 12489 4444 1646 7797 7615 10586 7831 7626 12697 4508 12437 1595
1 9 1352 7834 1564 1441 1621 4569 12305 10457 12697
1 3 9450 12357 12456
1 5 10457 12497 7611 12368 9450
1 5 12456 10341 4664 4807 1866
1 8 12456 926 4166 4738 709 751 5205 12582
1 7 12693 1734 7776 4029 7829 703 4738
1 12 5015 12369 6785 2042 4884 12410 10337 1500 12313 4507 4535 1453
1 3 1927 12341 10337
1 5 2060 5061 6987 12782 1927
1 3 12811 2019 12782
1 5 10740 10894 4955 12728 2019
1 6 12341 10504 805 4577 12401 4522
1 7 1927 5022 10861 3960 2082 8025 5103
1 4 12489 12778 6803 5103
1 5 5103 7904 4740 7892 1352
1 4 12778 4567 1534 1564
1 4 10192 10753 10615 7797
1 7 12384 5090 10909 10657 4988 12709 6696
1 5 10657 913 8014 7558 10439
1 4 10676 10333 10391 7834
1 6 4807 4691 12418 1770 1678 10333
1 6 12418 7306 10478 11589 12312 9450
1 7 10709 7877 10706 7880 4857 12572 4860
1 5 7386 7315 10157 4428 1408
1 4 10740 12791 3883 4975
1 5 4975 10642 12627 10588 1827
1 9 4975 12684 10867 12893 3972 2055 7762 10340 4740
1 6 10867 9773 12301 12875 7836 5022
1 4 2082 5085 3875 3972
1 7 1827 12642 11772 4830 10606 3708 10676
1 4 10340 4814 12570 12642
1 3 1827 7780 4723
1 5 4857 7760 4610 4794 4723
1 8 7315 12214 10327 1690 12124 12676 1854 11712
1 2 6742 12676
1 3 4860 7779 6742
1 8 4794 7745 1875 12620 12667 1867 9880 1866
1 5 10676 12586 1683 10569 12620
1 5 12791 5044 7920 3834 853
1 6 853 1793 12765 6897 1972 4975
1 4 9814 11757 7517 1562
1 5 853 8115 7986 823 11757
1 6 11757 11795 12303 4727 11814 1793
1 8 12303 4657 4799 7879 12699 12573 10662 4865
1 6 1827 1658 6887 1756 4668 4865
1 6 4865 10582 12535 10672 1736 6742
1 6 4723 10640 12561 7688 7888 10582
1 6 7865 12553 9616 10556 1789 12535
1 6 1690 12673 10687 7865 12183 3513
1 3 7386 10271 3513
1 9 9713 9697 3588 6665 3471 10151 528 4328 3513
1 2 528 12281
1 8 9713 710 4607 4736 7827 7756 10651 4865
1 4 3588 10159 10422 4736
1 7 9713 11658 677 6681 6757 9730 610
1 11 11757 9814 11859 6881 11876 3784 6861 3677 3678 6699 9713
1 8 11795 10387 941 9911 4518 6876 6694 6699
1 2 9671 3678
1 10 121 3116 6215 3091 11027 3066 3103 6191 9370 6124
1 8 6124 272 3139 3027 9293 12203 11352 7375
1 6 7375 11228 237 4758 12567 1821
1 6 1821 307 12102 1387 7846 4824
1 7 4824 7774 10670 4780 7800 1709 10696
1 7 10696 12679 14196 1733 1860 7825 7274
1 9 7274 4866 12536 4789 14110 4793 7886 7815 4724
1 3 14110 1718 7789
1 2 7757 4866
1 3 7815 1850 12595
1 10 4724 12691 12621 1876 10570 4750 10664 4815 12540 4797
1 6 12641 14234 10574 12556 4832 12543
1 11 12543 7851 10678 12657 14209 7763 4725 10655 7801 12678 7672
1 3 7672 4805 12189
1 10 12189 10466 11643 6686 664 6684 14289 3977 14422 957
1 4 12189 7266 3963 12136
1 3 12136 1343 9604
1 4 12678 4246 14225 14207
1 10 7691 1845 1730 14212 14208 7754 14207 14211 12263 12136
1 8 12543 12660 7691 7844 1748 4726 4798 10641
1 13 4719 10612 7743 4745 13150 14339 7894 14334 4506 14335 1645 7582 10433
1 8 10524 12575 4835 7854 10565 10681 7785 7691
1 3 10524 7828 1735
1 4 1735 4808 1803 4750
1 2 4808 7802
1 4 10649 12563 14363 12691
1 7 1297 12515 1369 1685 1816 4711 10649
1 4 12594 11410 1794 1297
1 3 7274 14197 1297
1 5 7708 1797 10537 4734 1297
1 4 10696 12546 12616 7708
1 4 1292 4242 12584 307
1 3 9292 1327 1292
1 4 7357 14044 14203 1292
1 4 9292 7285 10133 1821
1 6 4824 4659 7833 1768 7685 4817
1 2 4817 12672
1 4 4817 1784 12517 10536
1 2 7689 10536
1 6 9292 1233 10329 10142 12117 1278
1 5 1278 1258 4311 10256 4411
1 5 10224 4261 1406 12298 12128
1 5 12128 10299 3385 3216 11225
1 7 1278 273 3289 12172 227 11256 3216
1 14 6338 404 3251 11320 6388 4400 6246 7416 10286 10314 361 3280 7320 1821
1 5 11375 9368 9270 6372 6191
1 5 6380 6283 6356 252 121
1 7 6380 301 11362 9311 6231 6299 11375
1 3 9407 11344 11375
1 6 6338 9259 3282 3383 6327 11344
1 8 9407 6284 330 3387 3275 11217 9235 301
1 5 9258 324 11262 11394 11344
1 7 11225 9299 9338 6337 3196 3317 9258
1 5 11351 232 6291 11309 9258
1 9 11351 9245 9273 11294 11379 11268 9282 6414 6380
1 7 3578 3426 433 11408 9422 340 11351
1 4 3578 9326 11335 9258
1 5 413 6317 6369 9367 9245
1 8 9367 11436 3566 544 579 3582 9504 3529
1 8 9753 9735 11579 14603 9440 3487 498 3529
1 9 9417 11434 11450 9488 3540 6591 11412 3527 413
1 7 9417 11418 449 3478 3489 3505 9504
1 7 11668 11729 3734 3752 9744 11559 9417
1 5 3698 9696 3717 735 11696
1 5 11696 9726 6781 3587 11559
1 10 11696 6753 731 6702 11690 11632 3682 3668 4463 7624
1 5 413 6477 9579 6603 3580
1 3 9449 3492 6603
1 4 9355 9384 6411 3335
1 4 3580 11244 11310 9355
1 8 9355 9411 11242 3292 6262 6333 6290 6414
1 7 3335 3226 9301 246 382 3377 6290
1 8 306 3362 9399 9272 335 401 3391 6380
1 13 6380 3358 366 6303 11349 6264 3235 9287 11234 387 11259 9275 341
1 4 387 207 11392 11202
1 3 3298 415 11202
1 6 11202 9120 6139 11080 6174 3151
1 3 3151 3060 9206
1 13 3358 11250 6245 333 3101 187 110 6086 6154 71 117 3072 6174
1 4 121 11166 6143 9131
1 10 3151 149 11068 9164 11059 9184 6131 11083 3154 9131
1 7 11059 9190 3084 11159 3033 155 94
1 4 3133 6052 2994 11159
1 8 94 9195 14455 3121 6181 178 11031 3134
1 6 9131 3157 9187 3130 6102 312
1 5 94 9055 11038 6051 6102
1 6 3157 75 9113 3166 9124 186
1 8 186 108 99 9225 1295 10579 7712 10723
1 3 10723 11098 6040
1 4 11098 3169 14649 1684
1 8 10433 9782 10503 12482 1571 3815 810 3977
1 8 11771 11808 916 4642 4572 11744 7652 10433
1 3 10068 3156 11761
1 11 10068 12043 1052 3900 11886 6837 9835 11764 964 3783 6851
1 13 11761 9843 3955 881 11801 9873 3881 6898 934 3934 9788 6951 11771
1 6 1069 7189 10119 11944 4137 10068
1 4 10000 7105 1200 4205
1 4 1029 9971 4157 10000
1 3 9971 1124 4181
1 9 9958 7656 14301 7085 9995 11973 12055 1076 1029
1 4 12344 12078 4093 4190
1 5 7189 11962 7092 4032 4190
1 3 4181 12015 10043
1 5 11973 7025 10043 4037 1069
1 5 4190 7109 12026 4140 11761
1 4 12344 1203 1438 12432
1 5 12432 14013 1590 6904 9843
1 3 12432 7158 10424
1 4 11944 11996 10022 7109
1 5 7109 7000 4208 1027 1438
1 6 9958 1139 4144 1169 1188 4190
1 6 7301 12713 6932 11931 14307 9958
1 6 11931 4606 1180 10421 1519 12344
1 6 7301 5007 1575 7571 4634 1519
1 6 2006 14284 4295 1933 556 6638
1 3 2006 1976 7301
1 5 3149 14123 10367 4174 12344
1 6 8081 14253 14119 3148 10880 3149 
1 6 1630 14255 3742 14003 14254 8081
1 8 10424 4525 2087 4960 1959 10854 3153 8081
1 4 5007 7208 12356 3149
1 5 3149 7314 14300 3427 4960
1 14 5033 7926 14247 10918 12899 4914 14260 10834 14258 10796 2099 2053 12327 10490
1 4 5033 14239 14243 10741
1 5 5033 14240 2014 14246 14244
1 4 7866 1783 10674 3167
1 4 1783 1844 12737 4823
1 5 4783 14308 14377 14038 4843
1 15 6638 1630 5057 12776 5100 2028 7971 1778 14039 4843 14041 14040 7732 12656 3167
1 9 12076 7014 12052 10076 1089 9953 12067 4082 1029
1 3 11913 11982 1089
1 4 11913 1099 11994 7222
1 12 7222 12036 10064 4158 12426 10446 7568 7459 4519 4547 5092 7301
1 5 11913 4148 7181 4123 1076 
1 4 12036 11916 1161 11973
1 4 7568 12012 10364 9958
1 4 7459 7508 1004 11931
1 3 7191 4042 12076
1 9 3992 4038 7054 1066 9944 11920 12059 11991 7191
1 3 3992 1628 7637
1 6 7035 1153 10044 11937 1171 1099
1 5 12036 10017 1083 7035 7637
1 4 10446 10462 7167 4619
1 3 7637 9959 4619
1 7 11865 7948 10757 14031 1612 7625 7167
1 4 7459 4009 7609 1612
1 3 11916 10008 4148
1 7 10043 12069 7129 4114 1139 4606 7571
1 9 6999 14609 1893 11865 3100 7418 7406 14017 7301
1 5 6999 14312 3094 3099 4925
1 6 14284 3138 7256 12767 1367 4925
1 7 12767 3131 531 12882 14042 2022 6638
1 2 14255 5057
1 12 3992 7653 11988 1640 7097 10517 7665 10335 3034 7577 8095 3031
1 5 7097 9999 4631 3095 4619
1 5 10517 7101 7434 12086 1612
1 9 4009 10474 3098 7019 7406 4167 14311 14018 3138
1 5 3031 3050 9939 14035 6999
1 4 3031 10763 10819 12841
1 10 4925 3096 12141 12819 3071 5072 3045 12841 3005 2992
1 5 3031 3013 1884 7606 2992
1 6 7137 4077 10459 1625 14030 7606
1 7 3031 10616 3003 10431 4134 7650 7137
1 4 4023 1018 11926 7137
1 5 1023 10404 10039 7521 7577
1 7 1018 7192 12023 7044 4152 7168 1023
1 6 1023 12407 12053 12017 12310 10517
1 9 4023 11981 7039 9963 11938 14593 4189 14596 1047
1 7 1047 14597 11941 14389 346 7128 1023
1 7 11981 7135 4160 1038 1070 11990 994
1 5 994 11963 14283 1038 1070
1 9 1047 12095 1120 9970 3078 9982 1448 13143 7097
1 2 1047 1202
1 4 1202 14595 7108 10062
1 3 1047 14594 7108
1 8 1202 1162 11945 1053 12030 7172 4083 3992
1 8 4196 1166 10042 4113 11961 7004 4038 3992
1 11 1202 4050 7067 9978 9938 10093 10010 7071 11986 7027 4196
1 16 7637 9959 4203 4158 9937 10079 14301 7656 7129 11933 9987 11962 10003 11996 9969 11761
1 12 1166 4169 10069 4099 1055 4013 1168 10058 9974 7058 1096 11991
1 9 3167 4709 10545 7702 4682 7949 2015 7790 8112
1 8 10545 7792 5736 2074 1943 10911 4973 8112
1 4 10834 7940 10865 2074
1 6 3018 3008 380 8023 7446 2992
1 5 261 10776 280 10346 7446
1 8 3005 9090 3017 7294 3068 2067 3087 3096
1 9 2028 14122 8102 4783 10899 7803 12880 10629 2087
1 17 10424 12403 828 1489 4495 6988 10499 3978 10429 14465 7812 14461 14462 4561 14306 14333 4506
1 5 1150 6851 6918 9854 6981
1 4 11764 9781 987 11771
1 4 6638 1630 12732 10490
1 6 6981 3970 3839 3895 9885 11771
1 5 9803 9866 3913 1567 4572
1 7 944 11862 9883 946 6947 3932 1567
1 10 10433 3170 12412 12355 7670 10463 9623 12342 10215 10521
1 7 7763 7832 14338 7897 4592 7526 10433
1 10 10541 7848 14022 4809 14341 14340 12618 1588 14337 4506
1 3 14338 14336 1588
1 7 9788 9927 4514 3877 11903 12469 14465
1 5 10000 7089 4071 12045 1069
1 3 11928 4091 9953
1 5 14461 1502 14460 10638 4745
1 4 13150 4852 14342 14166
1 4 14342 1776 14165 4809
1 4 4561 1499 1638 3877
1 11 7669 13879 13889 12915 13897 10979 13894 2223 12992 12906 10927
1 5 10475 13918 12424 7610 12949
1 7 4520 12367 7566 4560 10460 13918 10475
1 6 7564 7535 7522 4481 7651 13918
2 5 14589 6515 8022 14588 14484
