1 46 
1 70 
1 81 
1 86 
1 89 
1 94 
1 101 
1 117 
1 124 
1 138 
1 186 
1 271 
1 293 
1 306 
1 310 
1 312 
1 324 
1 336 
1 351 
1 377 
1 379 
1 380 
1 382 
1 387 
1 391 
1 413 
1 418 
1 476 
1 488 
1 495 
1 502 
1 511 
1 512 
1 513 
1 514 
1 516 
1 525 
1 540 
1 564 
1 587 
1 590 
1 610 
1 650 
1 673 
1 682 
1 688 
1 692 
1 734 
1 740 
1 758 
1 792 
1 817 
1 853 
1 863 
1 864 
1 872 
1 877 
1 940 
1 944 
1 949 
1 955 
1 957 
1 989 
1 1023 
1 1038 
1 1047 
1 1065 
1 1069 
1 1074 
1 1075 
1 1086 
1 1092 
1 1093 
1 1117 
1 1124 
1 1136 
1 1145 
1 1150 
1 1169 
1 1170 
1 1176 
1 1182 
1 1190 
1 1200 
1 1262 
1 1269 
1 1273 
1 1278 
1 1292 
1 1295 
1 1297 
1 1329 
1 1330 
1 1339 
1 1349 
1 1369 
1 1384 
1 1408 
1 1409 
1 1453 
1 1459 
1 1464 
1 1479 
1 1480 
1 1483 
1 1488 
1 1494 
1 1506 
1 1538 
1 1554 
1 1562 
1 1567 
1 1578 
1 1595 
1 1606 
1 1616 
1 1639 
1 1650 
1 1652 
1 1668 
1 1684 
1 1734 
1 1770 
1 1774 
1 1814 
1 1821 
1 1827 
1 1836 
1 1843 
1 1866 
1 1896 
1 1909 
1 1939 
1 1950 
1 1951 
1 1965 
1 1971 
1 1984 
1 2004 
1 2015 
1 2021 
1 2025 
1 2028 
1 2038 
1 2050 
1 2081 
1 2086 
1 2089 
1 2092 
1 2105 
1 2120 
1 2152 
1 2196 
1 2197 
1 2206 
1 2211 
1 2220 
1 2223 
1 2992 
1 3010 
1 3017 
1 3031 
1 3083 
1 3122 
1 3125 
1 3134 
1 3149
1 3151 
1 3152 
1 3167 
1 3190 
1 3246 
1 3262 
1 3284 
1 3320 
1 3326 
1 3327 
1 3335 
1 3378 
1 3379 
1 3392 
1 3393 
1 3414 
1 3501 
1 3513 
1 3522 
1 3529 
1 3544 
1 3554 
1 3559 
1 3569 
1 3573 
1 3578 
1 3580 
1 3583 
1 3597 
1 3617 
1 3618 
1 3652 
1 3671 
1 3673 
1 3674 
1 3682 
1 3686 
1 3689 
1 3698 
1 3725 
1 3734 
1 3738 
1 3763 
1 3768 
1 3778 
1 3780 
1 3790 
1 3815 
1 3816 
1 3823 
1 3834 
1 3866 
1 3877 
1 3916 
1 3938 
1 3951 
1 3957 
1 3960 
1 3992 
1 4009 
1 4046 
1 4052 
1 4056 
1 4076 
1 4095 
1 4102 
1 4108 
1 4109 
1 4111 
1 4112 
1 4115 
1 4119 
1 4161 
1 4166 
1 4187 
1 4189 
1 4190 
1 4196 
1 4228 
1 4245 
1 4286 
1 4329 
1 4345 
1 4361 
1 4374
1 4394 
1 4397 
1 4401 
1 4425 
1 4433 
1 4450 
1 4500 
1 4506 
1 4512 
1 4515 
1 4516 
1 4520 
1 4543 
1 4556 
1 4569 
1 4576 
1 4587 
1 4608 
1 4616 
1 4619 
1 4641 
1 4646 
1 4696 
1 4719 
1 4723 
1 4724 
1 4739 
1 4748 
1 4750
1 4784 
1 4797 
1 4799 
1 4801 
1 4817 
1 4823 
1 4824 
1 4843
1 4851 
1 4860 
1 4865 
1 4872 
1 4879 
1 4915 
1 4925 
1 4948 
1 4970 
1 4975 
1 4982 
1 4984 
1 4987 
1 4989 
1 4997 
1 5010 
1 5015 
1 5029 
1 5033 
1 5061 
1 5064 
1 5075 
1 5081 
1 5103 
1 5106 
1 5107 
1 5117 
1 5121 
1 5135 
1 5139 
1 5151 
1 5166 
1 5168 
1 5179 
1 5187 
1 5199 
1 5206 
1 5210 
1 5230 
1 6039 
1 6040 
1 6047 
1 6050 
1 6111 
1 6115 
1 6124 
1 6188 
1 6197 
1 6217 
1 6232 
1 6245 
1 6248 
1 6249 
1 6262 
1 6286 
1 6287 
1 6296 
1 6297 
1 6302 
1 6312 
1 6338 
1 6369 
1 6377 
1 6380 
1 6384 
1 6392 
1 6408 
1 6420 
1 6436 
1 6474 
1 6488 
1 6521 
1 6524 
1 6537 
1 6558 
1 6572 
1 6573 
1 6597 
1 6606 
1 6613 
1 6638 
1 6652 
1 6678 
1 6709 
1 6710 
1 6711 
1 6718 
1 6732 
1 6747 
1 6761 
1 6766 
1 6780 
1 6814 
1 6843 
1 6845 
1 6855 
1 6876 
1 6880 
1 6890 
1 6927 
1 6928 
1 6944 
1 6950 
1 6965 
1 6977 
1 6981 
1 6990 
1 6994 
1 6999 
1 7005 
1 7011 
1 7045 
1 7060 
1 7069 
1 7072 
1 7079 
1 7097 
1 7101 
1 7107 
1 7110 
1 7117 
1 7123 
1 7132 
1 7137 
1 7138 
1 7140 
1 7151 
1 7163 
1 7179 
1 7180 
1 7183 
1 7186 
1 7191 
1 7193 
1 7197 
1 7204 
1 7221 
1 7222 
1 7236 
1 7274 
1 7290 
1 7301 
1 7315 
1 7334 
1 7335 
1 7340 
1 7341 
1 7361 
1 7375 
1 7376 
1 7381 
1 7394 
1 7408 
1 7429 
1 7432 
1 7477 
1 7500 
1 7537 
1 7552 
1 7564 
1 7602 
1 7603 
1 7617 
1 7622 
1 7624 
1 7658 
1 7669 
1 7689 
1 7741 
1 7797 
1 7798 
1 7802 
1 7812 
1 7816 
1 7832 
1 7834 
1 7859 
1 7872 
1 7899 
1 7900 
1 7924 
1 7936 
1 7959 
1 7979 
1 7980 
1 7982 
1 7983 
1 7993 
1 8007 
1 8011 
1 8022 
1 8034 
1 8035 
1 8038 
1 8039 
1 8057 
1 8074 
1 8079 
1 8081
1 8087 
1 8097 
1 8113 
1 8124 
1 8144 
1 8161 
1 8181 
1 8193 
1 8200 
1 8215 
1 8216 
1 8227 
1 8233 
1 8245 
1 8249 
1 8252 
1 9056 
1 9060 
1 9061 
1 9082 
1 9126 
1 9131 
1 9138 
1 9154 
1 9201 
1 9206 
1 9258 
1 9288 
1 9292 
1 9296 
1 9297 
1 9303 
1 9304 
1 9311 
1 9338 
1 9340 
1 9346 
1 9347 
1 9355 
1 9392 
1 9398 
1 9417 
1 9427 
1 9449 
1 9450 
1 9461 
1 9477 
1 9493 
1 9503 
1 9507 
1 9508 
1 9517 
1 9533 
1 9548 
1 9570 
1 9578 
1 9598 
1 9603 
1 9604 
1 9616 
1 9617 
1 9627
1 9648 
1 9660 
1 9667 
1 9671 
1 9680 
1 9692 
1 9693 
1 9713 
1 9753 
1 9764 
1 9803 
1 9814 
1 9817 
1 9833 
1 9847 
1 9893 
1 9904 
1 9907 
1 9914 
1 9930 
1 9945 
1 9958 
1 9962 
1 9974 
1 9975 
1 10000 
1 10015 
1 10030 
1 10032 
1 10041 
1 10043 
1 10062 
1 10068 
1 10070 
1 10087 
1 10099 
1 10106 
1 10110 
1 10116 
1 10125 
1 10129 
1 10148 
1 10162 
1 10172 
1 10177 
1 10190 
1 10201 
1 10254 
1 10256 
1 10265 
1 10278 
1 10284 
1 10294 
1 10308 
1 10309 
1 10318 
1 10337 
1 10362 
1 10382 
1 10384 
1 10400 
1 10407 
1 10414 
1 10422 
1 10424 
1 10433 
1 10440 
1 10444 
1 10447 
1 10463 
1 10472 
1 10475 
1 10490 
1 10513 
1 10524 
1 10541 
1 10603 
1 10641
1 10657 
1 10671 
1 10685 
1 10696 
1 10723 
1 10730 
1 10731 
1 10737 
1 10740 
1 10747 
1 10756 
1 10760 
1 10788 
1 10801 
1 10803 
1 10833 
1 10834
1 10836 
1 10837 
1 10840 
1 10883 
1 10886 
1 10906 
1 10919 
1 10922 
1 10927 
1 10929 
1 10932 
1 10941 
1 10946 
1 10965 
1 10980 
1 10988 
1 10999 
1 11007 
1 11015 
1 11021 
1 11048 
1 11064 
1 11090 
1 11105 
1 11106 
1 11114 
1 11128 
1 11136 
1 11159 
1 11178 
1 11181 
1 11189 
1 11202 
1 11220 
1 11225 
1 11249 
1 11266 
1 11267 
1 11274 
1 11287 
1 11293 
1 11311 
1 11329 
1 11333 
1 11349 
1 11350 
1 11351 
1 11370 
1 11375 
1 11379 
1 11405 
1 11435 
1 11439 
1 11465 
1 11467 
1 11469 
1 11479 
1 11483 
1 11485 
1 11506 
1 11537 
1 11542 
1 11544 
1 11547 
1 11548 
1 11554 
1 11565
1 11581 
1 11586 
1 11659 
1 11666 
1 11668 
1 11688 
1 11691 
1 11696 
1 11746 
1 11747 
1 11761 
1 11771 
1 11793 
1 11800 
1 11805 
1 11824 
1 11825 
1 11838 
1 11853 
1 11866 
1 11877 
1 11881 
1 11887 
1 11899
1 11913 
1 11919 
1 11921 
1 11928 
1 11929 
1 11931 
1 11953 
1 11970 
1 11973
1 11981 
1 11984 
1 12011 
1 12029 
1 12037 
1 12040 
1 12049 
1 12068 
1 12071 
1 12076 
1 12125 
1 12128 
1 12136 
1 12137 
1 12149 
1 12189 
1 12201 
1 12238 
1 12253 
1 12261 
1 12268 
1 12277 
1 12281 
1 12289 
1 12304 
1 12306 
1 12322 
1 12324 
1 12329 
1 12333 
1 12338 
1 12344 
1 12364 
1 12366 
1 12369 
1 12373 
1 12384 
1 12406 
1 12413 
1 12420 
1 12461 
1 12468 
1 12473 
1 12489 
1 12501 
1 12535 
1 12543 
1 12571 
1 12582 
1 12583 
1 12589 
1 12594 
1 12595 
1 12603 
1 12641 
1 12653 
1 12654 
1 12677 
1 12702 
1 12703 
1 12715 
1 12735 
1 12738 
1 12745 
1 12751 
1 12753 
1 12754 
1 12782 
1 12791 
1 12794 
1 12798 
1 12811 
1 12823 
1 12830 
1 12833 
1 12834 
1 12865 
1 12874 
1 12876 
1 12883 
1 12891 
1 12893 
1 12910 
1 12911 
1 12922 
1 12941 
1 12949 
1 12951 
1 12958 
1 12975 
1 12977 
1 12981 
1 12985 
1 12986 
1 12989 
1 12994 
1 12997 
1 13009 
1 13011 
1 13018 
1 13021 
1 13072 
1 13075 
1 13087 
1 13202 
1 13207 
1 13208 
1 13210 
1 13228 
1 13229 
1 13250 
1 13255 
1 13287 
1 13348 
1 13377 
1 13451 
1 13483 
1 13515 
1 13579 
1 13616 
1 13734 
1 13783
1 13945
1 13950
1 14371
