
strategic_region={
	id=26
	name="STRATEGICREGION_26"
	provinces={
		10 14 57 121 255 385 433 448 541 552 675 938 953 1054 1170 1186 1206 1290 1315 1317 1393 1408 1500 1616 1668 1757 1793 1822 1860 1902 1913 1914 2144 2247 2249 2294 2310 2465 2498 2745 2772 3044 3047 3256 3358 3534 3586 3659 3974 4018 4106 4176 4241 4268 4462 4469 4491 4552 4648 4773 4818 4861 5067 5072 5660 5675 5697 5745 5766 5774 5805 5825 5827 5842 5872 5878 5888 5908 5911 5917 5935 7352 7353 
	}
	naval_terrain=water_fjords
	weather={
	}
}
